#FORMAT      : EMSA/MAS Spectral Data File
#VERSION     : 1.0
#TITLE       : Map Sum Spectrum
#DATE        : 12-SEP-2023
#TIME        : 17:43
#OWNER       : 
#NPOINTS     : 2048.0
#NCOLUMNS    : 1.0
#XUNITS      : keV
#YUNITS      : counts
#DATATYPE    : XY
#XPERCHAN    : 0.01
#OFFSET      : -0.2
#SIGNALTYPE  : EDS
#CHOFFSET    : 20.0
#LIVETIME    : 245.759994507
#REALTIME    : 346.37677002
#BEAMKV      : 10.0
#PROBECUR    : 0.0
#MAGCAM      : 2332.0
#XTILTSTGE   : 0.0
#AZIMANGLE   : 0.0
#ELEVANGLE   : 35.0
#XPOSITION mm: 80.4751
#YPOSITION mm: 73.3444
#ZPOSITION mm: 33.7544
##OXINSTPT   : 6
##OXINSTSTROB: 28.55
##OXINSTNDET : 1
##OXINSTELEMS: 6,8,14,26,82,24,28,25,29,68
##OXINSTLABEL: 6, 0.277, C
##OXINSTLABEL: 8, 0.525, O
##OXINSTLABEL: 14, 1.740, Si
##OXINSTLABEL: 26, 6.404, Fe
##OXINSTLABEL: 26, 7.058, Fe
##OXINSTLABEL: 26, 0.703, Fe
##OXINSTLABEL: 26, 0.615, Fe
##OXINSTLABEL: 82, 10.552, Pb
##OXINSTLABEL: 82, 12.614, Pb
##OXINSTLABEL: 82, 12.623, Pb
##OXINSTLABEL: 82, 11.349, Pb
##OXINSTLABEL: 82, 14.765, Pb
##OXINSTLABEL: 82, 15.101, Pb
##OXINSTLABEL: 82, 9.185, Pb
##OXINSTLABEL: 82, 2.345, Pb
##OXINSTLABEL: 82, 2.653, Pb
##OXINSTLABEL: 82, 1.823, Pb
##OXINSTLABEL: 82, 0.293, Pb
##OXINSTLABEL: 82, 0.276, Pb
##OXINSTLABEL: 24, 5.415, Cr
##OXINSTLABEL: 24, 5.947, Cr
##OXINSTLABEL: 24, 0.573, Cr
##OXINSTLABEL: 24, 0.500, Cr
##OXINSTLABEL: 28, 7.478, Ni
##OXINSTLABEL: 28, 8.265, Ni
##OXINSTLABEL: 28, 0.851, Ni
##OXINSTLABEL: 28, 0.762, Ni
##OXINSTLABEL: 28, 0.743, Ni
##OXINSTLABEL: 25, 5.899, Mn
##OXINSTLABEL: 25, 6.490, Mn
##OXINSTLABEL: 25, 0.636, Mn
##OXINSTLABEL: 25, 0.556, Mn
##OXINSTLABEL: 29, 8.048, Cu
##OXINSTLABEL: 29, 8.905, Cu
##OXINSTLABEL: 29, 0.930, Cu
##OXINSTLABEL: 29, 0.832, Cu
##OXINSTLABEL: 29, 0.811, Cu
##OXINSTLABEL: 68, 6.949, Er
##OXINSTLABEL: 68, 7.811, Er
##OXINSTLABEL: 68, 8.189, Er
##OXINSTLABEL: 68, 7.058, Er
##OXINSTLABEL: 68, 9.089, Er
##OXINSTLABEL: 68, 9.386, Er
##OXINSTLABEL: 68, 6.153, Er
##OXINSTLABEL: 68, 1.406, Er
##OXINSTLABEL: 68, 1.643, Er
##OXINSTLABEL: 68, 1.090, Er
#SPECTRUM    : Spectral Data Starts Here
-0.20000, 0.0
-0.19000, 0.0
-0.18000, 0.0
-0.17000, 0.0
-0.16000, 0.0
-0.15000, 0.0
-0.14000, 0.0
-0.13000, 0.0
-0.12000, 0.0
-0.11000, 0.0
-0.10000, 0.0
-0.09000, 0.0
-0.08000, 0.0
-0.07000, 0.0
-0.06000, 0.0
-0.05000, 10.0
-0.04000, 107.0
-0.03000, 751.0
-0.02000, 3828.0
-0.01000, 10651.0
0.00000, 18403.0
0.01000, 22397.0
0.02000, 20198.0
0.03000, 13209.0
0.04000, 6280.0
0.05000, 2951.0
0.06000, 2294.0
0.07000, 2478.0
0.08000, 2612.0
0.09000, 2712.0
0.10000, 2743.0
0.11000, 2736.0
0.12000, 2655.0
0.13000, 2778.0
0.14000, 3013.0
0.15000, 3354.0
0.16000, 3689.0
0.17000, 4182.0
0.18000, 4526.0
0.19000, 4803.0
0.20000, 5117.0
0.21000, 5511.0
0.22000, 6249.0
0.23000, 8158.0
0.24000, 12064.0
0.25000, 18736.0
0.26000, 26527.0
0.27000, 30948.0
0.28000, 28001.0
0.29000, 19433.0
0.30000, 10859.0
0.31000, 5779.0
0.32000, 3866.0
0.33000, 3635.0
0.34000, 3974.0
0.35000, 4279.0
0.36000, 4668.0
0.37000, 4976.0
0.38000, 5440.0
0.39000, 5706.0
0.40000, 5914.0
0.41000, 6280.0
0.42000, 6701.0
0.43000, 7455.0
0.44000, 8321.0
0.45000, 9635.0
0.46000, 11568.0
0.47000, 14818.0
0.48000, 19911.0
0.49000, 26777.0
0.50000, 33836.0
0.51000, 38769.0
0.52000, 40697.0
0.53000, 38348.0
0.54000, 34271.0
0.55000, 30906.0
0.56000, 29950.0
0.57000, 31102.0
0.58000, 33366.0
0.59000, 36287.0
0.60000, 40118.0
0.61000, 42778.0
0.62000, 42260.0
0.63000, 37957.0
0.64000, 31859.0
0.65000, 28410.0
0.66000, 31753.0
0.67000, 44693.0
0.68000, 67534.0
0.69000, 93645.0
0.70000, 112802.0
0.71000, 113907.0
0.72000, 97679.0
0.73000, 71124.0
0.74000, 44960.0
0.75000, 26401.0
0.76000, 16101.0
0.77000, 11117.0
0.78000, 9313.0
0.79000, 8826.0
0.80000, 9302.0
0.81000, 10474.0
0.82000, 13489.0
0.83000, 17748.0
0.84000, 22473.0
0.85000, 25466.0
0.86000, 25715.0
0.87000, 22958.0
0.88000, 18355.0
0.89000, 13830.0
0.90000, 10529.0
0.91000, 8923.0
0.92000, 8161.0
0.93000, 7851.0
0.94000, 7725.0
0.95000, 7383.0
0.96000, 6868.0
0.97000, 6531.0
0.98000, 6230.0
0.99000, 5933.0
1.00000, 5866.0
1.01000, 5892.0
1.02000, 5975.0
1.03000, 5888.0
1.04000, 5913.0
1.05000, 5978.0
1.06000, 5975.0
1.07000, 6073.0
1.08000, 6124.0
1.09000, 6080.0
1.10000, 6109.0
1.11000, 6061.0
1.12000, 6162.0
1.13000, 6172.0
1.14000, 6207.0
1.15000, 6296.0
1.16000, 6361.0
1.17000, 6308.0
1.18000, 6300.0
1.19000, 6436.0
1.20000, 6521.0
1.21000, 6493.0
1.22000, 6475.0
1.23000, 6594.0
1.24000, 6581.0
1.25000, 6619.0
1.26000, 6672.0
1.27000, 6740.0
1.28000, 6732.0
1.29000, 6679.0
1.30000, 6619.0
1.31000, 6700.0
1.32000, 6772.0
1.33000, 6845.0
1.34000, 6854.0
1.35000, 6831.0
1.36000, 6882.0
1.37000, 6974.0
1.38000, 6897.0
1.39000, 6908.0
1.40000, 6899.0
1.41000, 7002.0
1.42000, 6996.0
1.43000, 7003.0
1.44000, 7091.0
1.45000, 7150.0
1.46000, 7262.0
1.47000, 7325.0
1.48000, 7315.0
1.49000, 7445.0
1.50000, 7435.0
1.51000, 7378.0
1.52000, 7139.0
1.53000, 7127.0
1.54000, 7129.0
1.55000, 7127.0
1.56000, 7125.0
1.57000, 6918.0
1.58000, 6909.0
1.59000, 6844.0
1.60000, 6843.0
1.61000, 6811.0
1.62000, 6778.0
1.63000, 6905.0
1.64000, 6932.0
1.65000, 7105.0
1.66000, 7537.0
1.67000, 8497.0
1.68000, 10368.0
1.69000, 13531.0
1.70000, 18400.0
1.71000, 24388.0
1.72000, 30683.0
1.73000, 35565.0
1.74000, 38513.0
1.75000, 38005.0
1.76000, 34252.0
1.77000, 28526.0
1.78000, 22422.0
1.79000, 17399.0
1.80000, 13732.0
1.81000, 11282.0
1.82000, 10049.0
1.83000, 9337.0
1.84000, 8813.0
1.85000, 8542.0
1.86000, 8009.0
1.87000, 7557.0
1.88000, 6950.0
1.89000, 6605.0
1.90000, 6396.0
1.91000, 6294.0
1.92000, 5995.0
1.93000, 5971.0
1.94000, 5961.0
1.95000, 6045.0
1.96000, 6086.0
1.97000, 6020.0
1.98000, 6146.0
1.99000, 6293.0
2.00000, 6387.0
2.01000, 6302.0
2.02000, 6286.0
2.03000, 6303.0
2.04000, 6178.0
2.05000, 5983.0
2.06000, 5888.0
2.07000, 5907.0
2.08000, 5918.0
2.09000, 5659.0
2.10000, 5728.0
2.11000, 5832.0
2.12000, 5919.0
2.13000, 5747.0
2.14000, 5705.0
2.15000, 5834.0
2.16000, 5899.0
2.17000, 5908.0
2.18000, 5863.0
2.19000, 5905.0
2.20000, 5810.0
2.21000, 5778.0
2.22000, 6079.0
2.23000, 6379.0
2.24000, 6880.0
2.25000, 7633.0
2.26000, 8649.0
2.27000, 9859.0
2.28000, 11376.0
2.29000, 13163.0
2.30000, 15078.0
2.31000, 17108.0
2.32000, 18904.0
2.33000, 20613.0
2.34000, 21725.0
2.35000, 21939.0
2.36000, 21423.0
2.37000, 20318.0
2.38000, 18690.0
2.39000, 17184.0
2.40000, 16143.0
2.41000, 15406.0
2.42000, 15056.0
2.43000, 14994.0
2.44000, 15044.0
2.45000, 14653.0
2.46000, 13915.0
2.47000, 12737.0
2.48000, 11333.0
2.49000, 9781.0
2.50000, 8335.0
2.51000, 7254.0
2.52000, 6356.0
2.53000, 5852.0
2.54000, 5298.0
2.55000, 4936.0
2.56000, 4958.0
2.57000, 4846.0
2.58000, 4887.0
2.59000, 4910.0
2.60000, 4918.0
2.61000, 5091.0
2.62000, 5200.0
2.63000, 5103.0
2.64000, 5156.0
2.65000, 5165.0
2.66000, 5081.0
2.67000, 5163.0
2.68000, 5036.0
2.69000, 4845.0
2.70000, 4757.0
2.71000, 4600.0
2.72000, 4502.0
2.73000, 4495.0
2.74000, 4375.0
2.75000, 4345.0
2.76000, 4226.0
2.77000, 4281.0
2.78000, 4345.0
2.79000, 4262.0
2.80000, 4255.0
2.81000, 4211.0
2.82000, 4236.0
2.83000, 4237.0
2.84000, 4241.0
2.85000, 4193.0
2.86000, 4076.0
2.87000, 4177.0
2.88000, 4147.0
2.89000, 4146.0
2.90000, 4166.0
2.91000, 4183.0
2.92000, 4145.0
2.93000, 4109.0
2.94000, 4102.0
2.95000, 4117.0
2.96000, 4133.0
2.97000, 3975.0
2.98000, 3989.0
2.99000, 4022.0
3.00000, 4005.0
3.01000, 4005.0
3.02000, 3963.0
3.03000, 4047.0
3.04000, 4026.0
3.05000, 4027.0
3.06000, 3985.0
3.07000, 4003.0
3.08000, 3966.0
3.09000, 3937.0
3.10000, 3951.0
3.11000, 3884.0
3.12000, 3938.0
3.13000, 3860.0
3.14000, 3855.0
3.15000, 3905.0
3.16000, 3730.0
3.17000, 3815.0
3.18000, 3674.0
3.19000, 3597.0
3.20000, 3675.0
3.21000, 3687.0
3.22000, 3716.0
3.23000, 3644.0
3.24000, 3667.0
3.25000, 3643.0
3.26000, 3654.0
3.27000, 3496.0
3.28000, 3592.0
3.29000, 3571.0
3.30000, 3569.0
3.31000, 3525.0
3.32000, 3506.0
3.33000, 3489.0
3.34000, 3420.0
3.35000, 3384.0
3.36000, 3430.0
3.37000, 3391.0
3.38000, 3439.0
3.39000, 3390.0
3.40000, 3397.0
3.41000, 3356.0
3.42000, 3411.0
3.43000, 3336.0
3.44000, 3303.0
3.45000, 3400.0
3.46000, 3396.0
3.47000, 3306.0
3.48000, 3301.0
3.49000, 3266.0
3.50000, 3221.0
3.51000, 3224.0
3.52000, 3317.0
3.53000, 3294.0
3.54000, 3278.0
3.55000, 3221.0
3.56000, 3211.0
3.57000, 3204.0
3.58000, 3176.0
3.59000, 3120.0
3.60000, 3169.0
3.61000, 3094.0
3.62000, 3114.0
3.63000, 3044.0
3.64000, 3094.0
3.65000, 3084.0
3.66000, 3179.0
3.67000, 3175.0
3.68000, 3079.0
3.69000, 3061.0
3.70000, 3062.0
3.71000, 3160.0
3.72000, 3100.0
3.73000, 3098.0
3.74000, 3036.0
3.75000, 2882.0
3.76000, 2935.0
3.77000, 3006.0
3.78000, 3009.0
3.79000, 2971.0
3.80000, 2914.0
3.81000, 2870.0
3.82000, 2884.0
3.83000, 2788.0
3.84000, 2834.0
3.85000, 2863.0
3.86000, 2875.0
3.87000, 2912.0
3.88000, 2808.0
3.89000, 2814.0
3.90000, 2828.0
3.91000, 2812.0
3.92000, 2771.0
3.93000, 2726.0
3.94000, 2745.0
3.95000, 2718.0
3.96000, 2789.0
3.97000, 2795.0
3.98000, 2756.0
3.99000, 2749.0
4.00000, 2714.0
4.01000, 2656.0
4.02000, 2669.0
4.03000, 2704.0
4.04000, 2667.0
4.05000, 2539.0
4.06000, 2598.0
4.07000, 2703.0
4.08000, 2659.0
4.09000, 2602.0
4.10000, 2584.0
4.11000, 2593.0
4.12000, 2604.0
4.13000, 2613.0
4.14000, 2561.0
4.15000, 2494.0
4.16000, 2495.0
4.17000, 2469.0
4.18000, 2458.0
4.19000, 2516.0
4.20000, 2493.0
4.21000, 2502.0
4.22000, 2466.0
4.23000, 2463.0
4.24000, 2445.0
4.25000, 2463.0
4.26000, 2494.0
4.27000, 2483.0
4.28000, 2503.0
4.29000, 2451.0
4.30000, 2336.0
4.31000, 2383.0
4.32000, 2337.0
4.33000, 2395.0
4.34000, 2364.0
4.35000, 2378.0
4.36000, 2375.0
4.37000, 2357.0
4.38000, 2339.0
4.39000, 2304.0
4.40000, 2317.0
4.41000, 2315.0
4.42000, 2283.0
4.43000, 2289.0
4.44000, 2251.0
4.45000, 2294.0
4.46000, 2350.0
4.47000, 2323.0
4.48000, 2243.0
4.49000, 2314.0
4.50000, 2267.0
4.51000, 2236.0
4.52000, 2205.0
4.53000, 2213.0
4.54000, 2158.0
4.55000, 2191.0
4.56000, 2234.0
4.57000, 2210.0
4.58000, 2220.0
4.59000, 2220.0
4.60000, 2195.0
4.61000, 2200.0
4.62000, 2205.0
4.63000, 2189.0
4.64000, 2158.0
4.65000, 2198.0
4.66000, 2205.0
4.67000, 2118.0
4.68000, 2129.0
4.69000, 2169.0
4.70000, 2129.0
4.71000, 2158.0
4.72000, 2153.0
4.73000, 2084.0
4.74000, 2070.0
4.75000, 2038.0
4.76000, 2046.0
4.77000, 2019.0
4.78000, 2049.0
4.79000, 2009.0
4.80000, 2045.0
4.81000, 2005.0
4.82000, 2036.0
4.83000, 2041.0
4.84000, 2028.0
4.85000, 2003.0
4.86000, 2012.0
4.87000, 1983.0
4.88000, 1937.0
4.89000, 1965.0
4.90000, 2013.0
4.91000, 1969.0
4.92000, 1915.0
4.93000, 1957.0
4.94000, 1997.0
4.95000, 1957.0
4.96000, 1942.0
4.97000, 1934.0
4.98000, 1886.0
4.99000, 1899.0
5.00000, 1927.0
5.01000, 1880.0
5.02000, 1835.0
5.03000, 1860.0
5.04000, 1842.0
5.05000, 1845.0
5.06000, 1873.0
5.07000, 1806.0
5.08000, 1785.0
5.09000, 1780.0
5.10000, 1802.0
5.11000, 1804.0
5.12000, 1749.0
5.13000, 1775.0
5.14000, 1772.0
5.15000, 1764.0
5.16000, 1760.0
5.17000, 1759.0
5.18000, 1716.0
5.19000, 1782.0
5.20000, 1716.0
5.21000, 1688.0
5.22000, 1726.0
5.23000, 1750.0
5.24000, 1784.0
5.25000, 1760.0
5.26000, 1845.0
5.27000, 1824.0
5.28000, 1988.0
5.29000, 2218.0
5.30000, 2443.0
5.31000, 2775.0
5.32000, 3372.0
5.33000, 4114.0
5.34000, 4954.0
5.35000, 5867.0
5.36000, 7093.0
5.37000, 8319.0
5.38000, 9320.0
5.39000, 10248.0
5.40000, 11083.0
5.41000, 11441.0
5.42000, 11452.0
5.43000, 10993.0
5.44000, 10233.0
5.45000, 9052.0
5.46000, 8038.0
5.47000, 6892.0
5.48000, 5800.0
5.49000, 4781.0
5.50000, 3866.0
5.51000, 3126.0
5.52000, 2610.0
5.53000, 2267.0
5.54000, 1931.0
5.55000, 1751.0
5.56000, 1649.0
5.57000, 1560.0
5.58000, 1539.0
5.59000, 1535.0
5.60000, 1536.0
5.61000, 1527.0
5.62000, 1519.0
5.63000, 1489.0
5.64000, 1473.0
5.65000, 1533.0
5.66000, 1489.0
5.67000, 1465.0
5.68000, 1489.0
5.69000, 1453.0
5.70000, 1452.0
5.71000, 1407.0
5.72000, 1436.0
5.73000, 1445.0
5.74000, 1501.0
5.75000, 1431.0
5.76000, 1473.0
5.77000, 1496.0
5.78000, 1510.0
5.79000, 1492.0
5.80000, 1562.0
5.81000, 1625.0
5.82000, 1721.0
5.83000, 1803.0
5.84000, 1967.0
5.85000, 2059.0
5.86000, 2241.0
5.87000, 2402.0
5.88000, 2631.0
5.89000, 2733.0
5.90000, 2827.0
5.91000, 2876.0
5.92000, 2933.0
5.93000, 3031.0
5.94000, 3012.0
5.95000, 2876.0
5.96000, 2778.0
5.97000, 2568.0
5.98000, 2471.0
5.99000, 2336.0
6.00000, 2192.0
6.01000, 1977.0
6.02000, 1820.0
6.03000, 1676.0
6.04000, 1539.0
6.05000, 1408.0
6.06000, 1406.0
6.07000, 1366.0
6.08000, 1342.0
6.09000, 1281.0
6.10000, 1309.0
6.11000, 1279.0
6.12000, 1292.0
6.13000, 1280.0
6.14000, 1240.0
6.15000, 1222.0
6.16000, 1242.0
6.17000, 1246.0
6.18000, 1276.0
6.19000, 1281.0
6.20000, 1245.0
6.21000, 1259.0
6.22000, 1321.0
6.23000, 1368.0
6.24000, 1492.0
6.25000, 1617.0
6.26000, 1882.0
6.27000, 2266.0
6.28000, 2814.0
6.29000, 3543.0
6.30000, 4491.0
6.31000, 5607.0
6.32000, 7222.0
6.33000, 8965.0
6.34000, 10818.0
6.35000, 12869.0
6.36000, 14761.0
6.37000, 16177.0
6.38000, 17745.0
6.39000, 18607.0
6.40000, 19016.0
6.41000, 18818.0
6.42000, 17764.0
6.43000, 16423.0
6.44000, 14916.0
6.45000, 12949.0
6.46000, 10991.0
6.47000, 8968.0
6.48000, 7312.0
6.49000, 5703.0
6.50000, 4427.0
6.51000, 3517.0
6.52000, 2771.0
6.53000, 2177.0
6.54000, 1787.0
6.55000, 1468.0
6.56000, 1280.0
6.57000, 1234.0
6.58000, 1194.0
6.59000, 1120.0
6.60000, 1057.0
6.61000, 1053.0
6.62000, 1021.0
6.63000, 1028.0
6.64000, 1009.0
6.65000, 979.0
6.66000, 993.0
6.67000, 988.0
6.68000, 997.0
6.69000, 989.0
6.70000, 1007.0
6.71000, 996.0
6.72000, 965.0
6.73000, 952.0
6.74000, 934.0
6.75000, 1001.0
6.76000, 962.0
6.77000, 966.0
6.78000, 982.0
6.79000, 973.0
6.80000, 984.0
6.81000, 994.0
6.82000, 959.0
6.83000, 950.0
6.84000, 1001.0
6.85000, 999.0
6.86000, 1008.0
6.87000, 994.0
6.88000, 1022.0
6.89000, 1049.0
6.90000, 1023.0
6.91000, 1111.0
6.92000, 1156.0
6.93000, 1220.0
6.94000, 1268.0
6.95000, 1366.0
6.96000, 1594.0
6.97000, 1714.0
6.98000, 1951.0
6.99000, 2115.0
7.00000, 2365.0
7.01000, 2575.0
7.02000, 2770.0
7.03000, 3029.0
7.04000, 3062.0
7.05000, 3074.0
7.06000, 3113.0
7.07000, 2994.0
7.08000, 2824.0
7.09000, 2703.0
7.10000, 2443.0
7.11000, 2218.0
7.12000, 2003.0
7.13000, 1790.0
7.14000, 1549.0
7.15000, 1449.0
7.16000, 1263.0
7.17000, 1142.0
7.18000, 1023.0
7.19000, 919.0
7.20000, 879.0
7.21000, 866.0
7.22000, 846.0
7.23000, 827.0
7.24000, 815.0
7.25000, 755.0
7.26000, 735.0
7.27000, 722.0
7.28000, 736.0
7.29000, 741.0
7.30000, 719.0
7.31000, 746.0
7.32000, 730.0
7.33000, 711.0
7.34000, 789.0
7.35000, 780.0
7.36000, 835.0
7.37000, 862.0
7.38000, 928.0
7.39000, 1002.0
7.40000, 1056.0
7.41000, 1110.0
7.42000, 1231.0
7.43000, 1295.0
7.44000, 1380.0
7.45000, 1402.0
7.46000, 1381.0
7.47000, 1385.0
7.48000, 1371.0
7.49000, 1346.0
7.50000, 1326.0
7.51000, 1227.0
7.52000, 1178.0
7.53000, 1095.0
7.54000, 1056.0
7.55000, 941.0
7.56000, 864.0
7.57000, 840.0
7.58000, 787.0
7.59000, 717.0
7.60000, 731.0
7.61000, 720.0
7.62000, 669.0
7.63000, 642.0
7.64000, 670.0
7.65000, 665.0
7.66000, 664.0
7.67000, 617.0
7.68000, 625.0
7.69000, 613.0
7.70000, 595.0
7.71000, 602.0
7.72000, 584.0
7.73000, 611.0
7.74000, 578.0
7.75000, 603.0
7.76000, 607.0
7.77000, 599.0
7.78000, 565.0
7.79000, 587.0
7.80000, 593.0
7.81000, 576.0
7.82000, 602.0
7.83000, 571.0
7.84000, 582.0
7.85000, 563.0
7.86000, 575.0
7.87000, 584.0
7.88000, 551.0
7.89000, 548.0
7.90000, 597.0
7.91000, 576.0
7.92000, 560.0
7.93000, 555.0
7.94000, 566.0
7.95000, 578.0
7.96000, 577.0
7.97000, 566.0
7.98000, 580.0
7.99000, 603.0
8.00000, 599.0
8.01000, 564.0
8.02000, 576.0
8.03000, 584.0
8.04000, 622.0
8.05000, 624.0
8.06000, 591.0
8.07000, 559.0
8.08000, 558.0
8.09000, 551.0
8.10000, 543.0
8.11000, 528.0
8.12000, 562.0
8.13000, 506.0
8.14000, 542.0
8.15000, 514.0
8.16000, 505.0
8.17000, 524.0
8.18000, 527.0
8.19000, 549.0
8.20000, 542.0
8.21000, 570.0
8.22000, 588.0
8.23000, 543.0
8.24000, 573.0
8.25000, 539.0
8.26000, 562.0
8.27000, 575.0
8.28000, 505.0
8.29000, 499.0
8.30000, 471.0
8.31000, 505.0
8.32000, 513.0
8.33000, 506.0
8.34000, 476.0
8.35000, 448.0
8.36000, 449.0
8.37000, 422.0
8.38000, 416.0
8.39000, 405.0
8.40000, 420.0
8.41000, 416.0
8.42000, 412.0
8.43000, 396.0
8.44000, 401.0
8.45000, 406.0
8.46000, 384.0
8.47000, 397.0
8.48000, 411.0
8.49000, 420.0
8.50000, 404.0
8.51000, 419.0
8.52000, 396.0
8.53000, 366.0
8.54000, 360.0
8.55000, 377.0
8.56000, 378.0
8.57000, 389.0
8.58000, 393.0
8.59000, 375.0
8.60000, 373.0
8.61000, 367.0
8.62000, 377.0
8.63000, 386.0
8.64000, 357.0
8.65000, 335.0
8.66000, 343.0
8.67000, 353.0
8.68000, 347.0
8.69000, 351.0
8.70000, 328.0
8.71000, 311.0
8.72000, 349.0
8.73000, 353.0
8.74000, 334.0
8.75000, 317.0
8.76000, 319.0
8.77000, 327.0
8.78000, 309.0
8.79000, 315.0
8.80000, 327.0
8.81000, 315.0
8.82000, 297.0
8.83000, 320.0
8.84000, 322.0
8.85000, 313.0
8.86000, 315.0
8.87000, 298.0
8.88000, 308.0
8.89000, 296.0
8.90000, 305.0
8.91000, 296.0
8.92000, 298.0
8.93000, 276.0
8.94000, 286.0
8.95000, 284.0
8.96000, 297.0
8.97000, 289.0
8.98000, 271.0
8.99000, 253.0
9.00000, 265.0
9.01000, 252.0
9.02000, 291.0
9.03000, 272.0
9.04000, 250.0
9.05000, 241.0
9.06000, 232.0
9.07000, 246.0
9.08000, 247.0
9.09000, 235.0
9.10000, 251.0
9.11000, 235.0
9.12000, 247.0
9.13000, 231.0
9.14000, 234.0
9.15000, 233.0
9.16000, 245.0
9.17000, 216.0
9.18000, 234.0
9.19000, 207.0
9.20000, 202.0
9.21000, 222.0
9.22000, 218.0
9.23000, 177.0
9.24000, 192.0
9.25000, 202.0
9.26000, 204.0
9.27000, 215.0
9.28000, 210.0
9.29000, 188.0
9.30000, 205.0
9.31000, 194.0
9.32000, 191.0
9.33000, 175.0
9.34000, 180.0
9.35000, 168.0
9.36000, 167.0
9.37000, 170.0
9.38000, 178.0
9.39000, 191.0
9.40000, 182.0
9.41000, 175.0
9.42000, 150.0
9.43000, 155.0
9.44000, 160.0
9.45000, 134.0
9.46000, 154.0
9.47000, 173.0
9.48000, 152.0
9.49000, 142.0
9.50000, 150.0
9.51000, 146.0
9.52000, 137.0
9.53000, 130.0
9.54000, 124.0
9.55000, 131.0
9.56000, 123.0
9.57000, 120.0
9.58000, 126.0
9.59000, 128.0
9.60000, 111.0
9.61000, 124.0
9.62000, 116.0
9.63000, 115.0
9.64000, 117.0
9.65000, 95.0
9.66000, 91.0
9.67000, 105.0
9.68000, 119.0
9.69000, 118.0
9.70000, 109.0
9.71000, 101.0
9.72000, 85.0
9.73000, 79.0
9.74000, 87.0
9.75000, 83.0
9.76000, 81.0
9.77000, 88.0
9.78000, 76.0
9.79000, 67.0
9.80000, 67.0
9.81000, 68.0
9.82000, 62.0
9.83000, 60.0
9.84000, 55.0
9.85000, 60.0
9.86000, 61.0
9.87000, 41.0
9.88000, 41.0
9.89000, 52.0
9.90000, 53.0
9.91000, 48.0
9.92000, 45.0
9.93000, 34.0
9.94000, 29.0
9.95000, 31.0
9.96000, 31.0
9.97000, 27.0
9.98000, 25.0
9.99000, 28.0
10.00000, 22.0
10.01000, 21.0
10.02000, 17.0
10.03000, 15.0
10.04000, 17.0
10.05000, 11.0
10.06000, 13.0
10.07000, 19.0
10.08000, 11.0
10.09000, 7.0
10.10000, 8.0
10.11000, 8.0
10.12000, 10.0
10.13000, 11.0
10.14000, 9.0
10.15000, 9.0
10.16000, 13.0
10.17000, 13.0
10.18000, 10.0
10.19000, 7.0
10.20000, 7.0
10.21000, 12.0
10.22000, 6.0
10.23000, 3.0
10.24000, 4.0
10.25000, 5.0
10.26000, 13.0
10.27000, 11.0
10.28000, 16.0
10.29000, 10.0
10.30000, 6.0
10.31000, 6.0
10.32000, 8.0
10.33000, 11.0
10.34000, 11.0
10.35000, 6.0
10.36000, 8.0
10.37000, 9.0
10.38000, 7.0
10.39000, 10.0
10.40000, 7.0
10.41000, 6.0
10.42000, 11.0
10.43000, 9.0
10.44000, 9.0
10.45000, 7.0
10.46000, 5.0
10.47000, 3.0
10.48000, 6.0
10.49000, 9.0
10.50000, 6.0
10.51000, 6.0
10.52000, 9.0
10.53000, 10.0
10.54000, 10.0
10.55000, 9.0
10.56000, 7.0
10.57000, 7.0
10.58000, 8.0
10.59000, 7.0
10.60000, 7.0
10.61000, 9.0
10.62000, 9.0
10.63000, 6.0
10.64000, 6.0
10.65000, 10.0
10.66000, 9.0
10.67000, 8.0
10.68000, 6.0
10.69000, 6.0
10.70000, 7.0
10.71000, 3.0
10.72000, 9.0
10.73000, 7.0
10.74000, 10.0
10.75000, 7.0
10.76000, 7.0
10.77000, 12.0
10.78000, 8.0
10.79000, 10.0
10.80000, 6.0
10.81000, 8.0
10.82000, 9.0
10.83000, 5.0
10.84000, 8.0
10.85000, 6.0
10.86000, 5.0
10.87000, 10.0
10.88000, 11.0
10.89000, 7.0
10.90000, 8.0
10.91000, 6.0
10.92000, 6.0
10.93000, 8.0
10.94000, 8.0
10.95000, 7.0
10.96000, 4.0
10.97000, 5.0
10.98000, 2.0
10.99000, 4.0
11.00000, 7.0
11.01000, 4.0
11.02000, 3.0
11.03000, 6.0
11.04000, 8.0
11.05000, 6.0
11.06000, 7.0
11.07000, 3.0
11.08000, 5.0
11.09000, 7.0
11.10000, 8.0
11.11000, 7.0
11.12000, 3.0
11.13000, 6.0
11.14000, 3.0
11.15000, 8.0
11.16000, 9.0
11.17000, 5.0
11.18000, 6.0
11.19000, 3.0
11.20000, 3.0
11.21000, 6.0
11.22000, 6.0
11.23000, 6.0
11.24000, 6.0
11.25000, 5.0
11.26000, 8.0
11.27000, 5.0
11.28000, 6.0
11.29000, 3.0
11.30000, 5.0
11.31000, 4.0
11.32000, 3.0
11.33000, 5.0
11.34000, 4.0
11.35000, 4.0
11.36000, 5.0
11.37000, 8.0
11.38000, 6.0
11.39000, 4.0
11.40000, 5.0
11.41000, 3.0
11.42000, 5.0
11.43000, 5.0
11.44000, 4.0
11.45000, 4.0
11.46000, 5.0
11.47000, 3.0
11.48000, 3.0
11.49000, 6.0
11.50000, 6.0
11.51000, 2.0
11.52000, 1.0
11.53000, 3.0
11.54000, 8.0
11.55000, 6.0
11.56000, 4.0
11.57000, 4.0
11.58000, 7.0
11.59000, 4.0
11.60000, 1.0
11.61000, 3.0
11.62000, 3.0
11.63000, 2.0
11.64000, 2.0
11.65000, 5.0
11.66000, 5.0
11.67000, 3.0
11.68000, 4.0
11.69000, 4.0
11.70000, 6.0
11.71000, 6.0
11.72000, 5.0
11.73000, 7.0
11.74000, 8.0
11.75000, 7.0
11.76000, 6.0
11.77000, 7.0
11.78000, 10.0
11.79000, 8.0
11.80000, 8.0
11.81000, 9.0
11.82000, 10.0
11.83000, 10.0
11.84000, 6.0
11.85000, 7.0
11.86000, 7.0
11.87000, 11.0
11.88000, 9.0
11.89000, 6.0
11.90000, 6.0
11.91000, 7.0
11.92000, 8.0
11.93000, 5.0
11.94000, 3.0
11.95000, 6.0
11.96000, 5.0
11.97000, 2.0
11.98000, 2.0
11.99000, 4.0
12.00000, 4.0
12.01000, 2.0
12.02000, 2.0
12.03000, 2.0
12.04000, 4.0
12.05000, 4.0
12.06000, 2.0
12.07000, 2.0
12.08000, 4.0
12.09000, 2.0
12.10000, 3.0
12.11000, 3.0
12.12000, 3.0
12.13000, 2.0
12.14000, 4.0
12.15000, 3.0
12.16000, 3.0
12.17000, 5.0
12.18000, 3.0
12.19000, 3.0
12.20000, 6.0
12.21000, 3.0
12.22000, 2.0
12.23000, 3.0
12.24000, 3.0
12.25000, 5.0
12.26000, 7.0
12.27000, 6.0
12.28000, 4.0
12.29000, 4.0
12.30000, 3.0
12.31000, 4.0
12.32000, 5.0
12.33000, 4.0
12.34000, 3.0
12.35000, 2.0
12.36000, 4.0
12.37000, 4.0
12.38000, 2.0
12.39000, 5.0
12.40000, 3.0
12.41000, 3.0
12.42000, 2.0
12.43000, 1.0
12.44000, 0.0
12.45000, 2.0
12.46000, 4.0
12.47000, 2.0
12.48000, 2.0
12.49000, 5.0
12.50000, 5.0
12.51000, 4.0
12.52000, 3.0
12.53000, 4.0
12.54000, 3.0
12.55000, 1.0
12.56000, 3.0
12.57000, 2.0
12.58000, 2.0
12.59000, 3.0
12.60000, 2.0
12.61000, 1.0
12.62000, 2.0
12.63000, 3.0
12.64000, 2.0
12.65000, 5.0
12.66000, 3.0
12.67000, 1.0
12.68000, 3.0
12.69000, 7.0
12.70000, 4.0
12.71000, 6.0
12.72000, 4.0
12.73000, 7.0
12.74000, 8.0
12.75000, 4.0
12.76000, 6.0
12.77000, 9.0
12.78000, 4.0
12.79000, 6.0
12.80000, 8.0
12.81000, 5.0
12.82000, 4.0
12.83000, 5.0
12.84000, 6.0
12.85000, 8.0
12.86000, 8.0
12.87000, 8.0
12.88000, 7.0
12.89000, 5.0
12.90000, 9.0
12.91000, 7.0
12.92000, 4.0
12.93000, 2.0
12.94000, 3.0
12.95000, 3.0
12.96000, 3.0
12.97000, 3.0
12.98000, 4.0
12.99000, 2.0
13.00000, 2.0
13.01000, 2.0
13.02000, 2.0
13.03000, 3.0
13.04000, 3.0
13.05000, 2.0
13.06000, 2.0
13.07000, 1.0
13.08000, 3.0
13.09000, 4.0
13.10000, 2.0
13.11000, 2.0
13.12000, 2.0
13.13000, 3.0
13.14000, 2.0
13.15000, 1.0
13.16000, 2.0
13.17000, 3.0
13.18000, 1.0
13.19000, 1.0
13.20000, 2.0
13.21000, 1.0
13.22000, 0.0
13.23000, 2.0
13.24000, 3.0
13.25000, 3.0
13.26000, 2.0
13.27000, 1.0
13.28000, 1.0
13.29000, 1.0
13.30000, 1.0
13.31000, 1.0
13.32000, 2.0
13.33000, 2.0
13.34000, 1.0
13.35000, 1.0
13.36000, 2.0
13.37000, 2.0
13.38000, 2.0
13.39000, 1.0
13.40000, 2.0
13.41000, 3.0
13.42000, 1.0
13.43000, 4.0
13.44000, 2.0
13.45000, 2.0
13.46000, 2.0
13.47000, 5.0
13.48000, 3.0
13.49000, 2.0
13.50000, 2.0
13.51000, 2.0
13.52000, 3.0
13.53000, 3.0
13.54000, 5.0
13.55000, 3.0
13.56000, 1.0
13.57000, 1.0
13.58000, 0.0
13.59000, 1.0
13.60000, 2.0
13.61000, 1.0
13.62000, 2.0
13.63000, 1.0
13.64000, 2.0
13.65000, 2.0
13.66000, 1.0
13.67000, 2.0
13.68000, 2.0
13.69000, 1.0
13.70000, 0.0
13.71000, 1.0
13.72000, 2.0
13.73000, 2.0
13.74000, 4.0
13.75000, 3.0
13.76000, 3.0
13.77000, 1.0
13.78000, 0.0
13.79000, 1.0
13.80000, 2.0
13.81000, 3.0
13.82000, 2.0
13.83000, 2.0
13.84000, 1.0
13.85000, 0.0
13.86000, 1.0
13.87000, 1.0
13.88000, 2.0
13.89000, 6.0
13.90000, 3.0
13.91000, 0.0
13.92000, 1.0
13.93000, 1.0
13.94000, 0.0
13.95000, 1.0
13.96000, 1.0
13.97000, 0.0
13.98000, 3.0
13.99000, 2.0
14.00000, 1.0
14.01000, 2.0
14.02000, 1.0
14.03000, 1.0
14.04000, 1.0
14.05000, 1.0
14.06000, 1.0
14.07000, 1.0
14.08000, 0.0
14.09000, 1.0
14.10000, 2.0
14.11000, 1.0
14.12000, 0.0
14.13000, 1.0
14.14000, 3.0
14.15000, 3.0
14.16000, 1.0
14.17000, 1.0
14.18000, 1.0
14.19000, 2.0
14.20000, 2.0
14.21000, 1.0
14.22000, 1.0
14.23000, 2.0
14.24000, 2.0
14.25000, 0.0
14.26000, 1.0
14.27000, 0.0
14.28000, 0.0
14.29000, 0.0
14.30000, 0.0
14.31000, 0.0
14.32000, 1.0
14.33000, 1.0
14.34000, 1.0
14.35000, 1.0
14.36000, 2.0
14.37000, 1.0
14.38000, 2.0
14.39000, 3.0
14.40000, 2.0
14.41000, 0.0
14.42000, 0.0
14.43000, 1.0
14.44000, 0.0
14.45000, 1.0
14.46000, 1.0
14.47000, 1.0
14.48000, 2.0
14.49000, 1.0
14.50000, 0.0
14.51000, 0.0
14.52000, 1.0
14.53000, 1.0
14.54000, 1.0
14.55000, 1.0
14.56000, 1.0
14.57000, 2.0
14.58000, 1.0
14.59000, 1.0
14.60000, 1.0
14.61000, 1.0
14.62000, 0.0
14.63000, 0.0
14.64000, 1.0
14.65000, 1.0
14.66000, 0.0
14.67000, 4.0
14.68000, 3.0
14.69000, 1.0
14.70000, 1.0
14.71000, 2.0
14.72000, 1.0
14.73000, 1.0
14.74000, 2.0
14.75000, 1.0
14.76000, 1.0
14.77000, 1.0
14.78000, 0.0
14.79000, 1.0
14.80000, 3.0
14.81000, 2.0
14.82000, 1.0
14.83000, 0.0
14.84000, 1.0
14.85000, 1.0
14.86000, 0.0
14.87000, 0.0
14.88000, 1.0
14.89000, 1.0
14.90000, 0.0
14.91000, 0.0
14.92000, 0.0
14.93000, 1.0
14.94000, 1.0
14.95000, 2.0
14.96000, 2.0
14.97000, 0.0
14.98000, 0.0
14.99000, 0.0
15.00000, 0.0
15.01000, 1.0
15.02000, 0.0
15.03000, 0.0
15.04000, 0.0
15.05000, 1.0
15.06000, 0.0
15.07000, 0.0
15.08000, 0.0
15.09000, 1.0
15.10000, 0.0
15.11000, 1.0
15.12000, 1.0
15.13000, 2.0
15.14000, 1.0
15.15000, 1.0
15.16000, 1.0
15.17000, 2.0
15.18000, 1.0
15.19000, 0.0
15.20000, 1.0
15.21000, 0.0
15.22000, 0.0
15.23000, 1.0
15.24000, 0.0
15.25000, 0.0
15.26000, 0.0
15.27000, 1.0
15.28000, 0.0
15.29000, 1.0
15.30000, 0.0
15.31000, 0.0
15.32000, 0.0
15.33000, 0.0
15.34000, 0.0
15.35000, 1.0
15.36000, 0.0
15.37000, 0.0
15.38000, 0.0
15.39000, 0.0
15.40000, 0.0
15.41000, 1.0
15.42000, 0.0
15.43000, 0.0
15.44000, 0.0
15.45000, 0.0
15.46000, 0.0
15.47000, 0.0
15.48000, 0.0
15.49000, 1.0
15.50000, 0.0
15.51000, 0.0
15.52000, 0.0
15.53000, 1.0
15.54000, 0.0
15.55000, 0.0
15.56000, 1.0
15.57000, 0.0
15.58000, 0.0
15.59000, 0.0
15.60000, 0.0
15.61000, 0.0
15.62000, 0.0
15.63000, 0.0
15.64000, 0.0
15.65000, 0.0
15.66000, 1.0
15.67000, 1.0
15.68000, 0.0
15.69000, 1.0
15.70000, 0.0
15.71000, 1.0
15.72000, 0.0
15.73000, 0.0
15.74000, 0.0
15.75000, 0.0
15.76000, 1.0
15.77000, 0.0
15.78000, 0.0
15.79000, 0.0
15.80000, 0.0
15.81000, 0.0
15.82000, 0.0
15.83000, 0.0
15.84000, 0.0
15.85000, 1.0
15.86000, 0.0
15.87000, 1.0
15.88000, 1.0
15.89000, 0.0
15.90000, 0.0
15.91000, 1.0
15.92000, 0.0
15.93000, 0.0
15.94000, 0.0
15.95000, 1.0
15.96000, 1.0
15.97000, 0.0
15.98000, 1.0
15.99000, 0.0
16.00000, 1.0
16.01000, 0.0
16.02000, 0.0
16.03000, 0.0
16.04000, 1.0
16.05000, 1.0
16.06000, 0.0
16.07000, 0.0
16.08000, 0.0
16.09000, 0.0
16.10000, 0.0
16.11000, 0.0
16.12000, 0.0
16.13000, 1.0
16.14000, 1.0
16.15000, 0.0
16.16000, 0.0
16.17000, 1.0
16.18000, 0.0
16.19000, 0.0
16.20000, 0.0
16.21000, 0.0
16.22000, 0.0
16.23000, 0.0
16.24000, 0.0
16.25000, 0.0
16.26000, 0.0
16.27000, 0.0
16.28000, 0.0
16.29000, 0.0
16.30000, 0.0
16.31000, 0.0
16.32000, 0.0
16.33000, 0.0
16.34000, 0.0
16.35000, 1.0
16.36000, 0.0
16.37000, 0.0
16.38000, 0.0
16.39000, 0.0
16.40000, 0.0
16.41000, 1.0
16.42000, 1.0
16.43000, 1.0
16.44000, 0.0
16.45000, 0.0
16.46000, 0.0
16.47000, 0.0
16.48000, 0.0
16.49000, 0.0
16.50000, 0.0
16.51000, 0.0
16.52000, 0.0
16.53000, 0.0
16.54000, 0.0
16.55000, 0.0
16.56000, 0.0
16.57000, 0.0
16.58000, 0.0
16.59000, 0.0
16.60000, 0.0
16.61000, 1.0
16.62000, 1.0
16.63000, 0.0
16.64000, 0.0
16.65000, 0.0
16.66000, 0.0
16.67000, 0.0
16.68000, 0.0
16.69000, 0.0
16.70000, 0.0
16.71000, 0.0
16.72000, 1.0
16.73000, 0.0
16.74000, 0.0
16.75000, 0.0
16.76000, 0.0
16.77000, 0.0
16.78000, 0.0
16.79000, 0.0
16.80000, 0.0
16.81000, 0.0
16.82000, 0.0
16.83000, 0.0
16.84000, 0.0
16.85000, 0.0
16.86000, 0.0
16.87000, 0.0
16.88000, 0.0
16.89000, 0.0
16.90000, 0.0
16.91000, 0.0
16.92000, 1.0
16.93000, 0.0
16.94000, 0.0
16.95000, 0.0
16.96000, 0.0
16.97000, 0.0
16.98000, 0.0
16.99000, 0.0
17.00000, 0.0
17.01000, 0.0
17.02000, 0.0
17.03000, 0.0
17.04000, 0.0
17.05000, 0.0
17.06000, 0.0
17.07000, 0.0
17.08000, 0.0
17.09000, 0.0
17.10000, 0.0
17.11000, 0.0
17.12000, 0.0
17.13000, 1.0
17.14000, 0.0
17.15000, 0.0
17.16000, 0.0
17.17000, 0.0
17.18000, 0.0
17.19000, 0.0
17.20000, 1.0
17.21000, 0.0
17.22000, 0.0
17.23000, 0.0
17.24000, 0.0
17.25000, 0.0
17.26000, 0.0
17.27000, 1.0
17.28000, 0.0
17.29000, 0.0
17.30000, 0.0
17.31000, 0.0
17.32000, 0.0
17.33000, 0.0
17.34000, 0.0
17.35000, 0.0
17.36000, 0.0
17.37000, 1.0
17.38000, 0.0
17.39000, 0.0
17.40000, 0.0
17.41000, 0.0
17.42000, 0.0
17.43000, 0.0
17.44000, 0.0
17.45000, 0.0
17.46000, 0.0
17.47000, 0.0
17.48000, 0.0
17.49000, 0.0
17.50000, 0.0
17.51000, 0.0
17.52000, 0.0
17.53000, 0.0
17.54000, 0.0
17.55000, 0.0
17.56000, 0.0
17.57000, 0.0
17.58000, 0.0
17.59000, 0.0
17.60000, 1.0
17.61000, 0.0
17.62000, 0.0
17.63000, 0.0
17.64000, 0.0
17.65000, 0.0
17.66000, 0.0
17.67000, 0.0
17.68000, 0.0
17.69000, 0.0
17.70000, 0.0
17.71000, 0.0
17.72000, 0.0
17.73000, 0.0
17.74000, 0.0
17.75000, 0.0
17.76000, 0.0
17.77000, 0.0
17.78000, 0.0
17.79000, 0.0
17.80000, 0.0
17.81000, 1.0
17.82000, 0.0
17.83000, 0.0
17.84000, 0.0
17.85000, 0.0
17.86000, 0.0
17.87000, 0.0
17.88000, 0.0
17.89000, 0.0
17.90000, 0.0
17.91000, 0.0
17.92000, 0.0
17.93000, 0.0
17.94000, 0.0
17.95000, 0.0
17.96000, 0.0
17.97000, 0.0
17.98000, 0.0
17.99000, 0.0
18.00000, 0.0
18.01000, 0.0
18.02000, 0.0
18.03000, 0.0
18.04000, 0.0
18.05000, 0.0
18.06000, 0.0
18.07000, 0.0
18.08000, 0.0
18.09000, 0.0
18.10000, 0.0
18.11000, 0.0
18.12000, 0.0
18.13000, 0.0
18.14000, 0.0
18.15000, 0.0
18.16000, 0.0
18.17000, 0.0
18.18000, 0.0
18.19000, 0.0
18.20000, 0.0
18.21000, 0.0
18.22000, 0.0
18.23000, 0.0
18.24000, 0.0
18.25000, 0.0
18.26000, 0.0
18.27000, 0.0
18.28000, 0.0
18.29000, 0.0
18.30000, 0.0
18.31000, 0.0
18.32000, 0.0
18.33000, 0.0
18.34000, 0.0
18.35000, 0.0
18.36000, 0.0
18.37000, 0.0
18.38000, 0.0
18.39000, 0.0
18.40000, 0.0
18.41000, 0.0
18.42000, 0.0
18.43000, 0.0
18.44000, 0.0
18.45000, 0.0
18.46000, 0.0
18.47000, 0.0
18.48000, 0.0
18.49000, 0.0
18.50000, 0.0
18.51000, 0.0
18.52000, 0.0
18.53000, 0.0
18.54000, 0.0
18.55000, 0.0
18.56000, 0.0
18.57000, 0.0
18.58000, 0.0
18.59000, 0.0
18.60000, 0.0
18.61000, 0.0
18.62000, 0.0
18.63000, 0.0
18.64000, 0.0
18.65000, 0.0
18.66000, 0.0
18.67000, 0.0
18.68000, 0.0
18.69000, 0.0
18.70000, 0.0
18.71000, 0.0
18.72000, 0.0
18.73000, 0.0
18.74000, 0.0
18.75000, 0.0
18.76000, 0.0
18.77000, 0.0
18.78000, 0.0
18.79000, 0.0
18.80000, 0.0
18.81000, 0.0
18.82000, 0.0
18.83000, 0.0
18.84000, 0.0
18.85000, 0.0
18.86000, 0.0
18.87000, 0.0
18.88000, 0.0
18.89000, 0.0
18.90000, 0.0
18.91000, 0.0
18.92000, 0.0
18.93000, 0.0
18.94000, 0.0
18.95000, 0.0
18.96000, 0.0
18.97000, 0.0
18.98000, 0.0
18.99000, 0.0
19.00000, 0.0
19.01000, 0.0
19.02000, 0.0
19.03000, 0.0
19.04000, 0.0
19.05000, 0.0
19.06000, 0.0
19.07000, 0.0
19.08000, 0.0
19.09000, 0.0
19.10000, 0.0
19.11000, 0.0
19.12000, 0.0
19.13000, 0.0
19.14000, 0.0
19.15000, 0.0
19.16000, 0.0
19.17000, 0.0
19.18000, 0.0
19.19000, 0.0
19.20000, 0.0
19.21000, 0.0
19.22000, 0.0
19.23000, 0.0
19.24000, 0.0
19.25000, 0.0
19.26000, 0.0
19.27000, 0.0
19.28000, 0.0
19.29000, 0.0
19.30000, 0.0
19.31000, 0.0
19.32000, 0.0
19.33000, 0.0
19.34000, 0.0
19.35000, 0.0
19.36000, 0.0
19.37000, 0.0
19.38000, 0.0
19.39000, 0.0
19.40000, 0.0
19.41000, 0.0
19.42000, 0.0
19.43000, 0.0
19.44000, 0.0
19.45000, 0.0
19.46000, 0.0
19.47000, 0.0
19.48000, 0.0
19.49000, 0.0
19.50000, 0.0
19.51000, 0.0
19.52000, 0.0
19.53000, 0.0
19.54000, 0.0
19.55000, 0.0
19.56000, 0.0
19.57000, 0.0
19.58000, 0.0
19.59000, 0.0
19.60000, 0.0
19.61000, 0.0
19.62000, 0.0
19.63000, 0.0
19.64000, 0.0
19.65000, 0.0
19.66000, 0.0
19.67000, 0.0
19.68000, 0.0
19.69000, 0.0
19.70000, 0.0
19.71000, 0.0
19.72000, 0.0
19.73000, 0.0
19.74000, 0.0
19.75000, 0.0
19.76000, 0.0
19.77000, 0.0
19.78000, 0.0
19.79000, 0.0
19.80000, 0.0
19.81000, 0.0
19.82000, 0.0
19.83000, 0.0
19.84000, 0.0
19.85000, 0.0
19.86000, 0.0
19.87000, 0.0
19.88000, 0.0
19.89000, 0.0
19.90000, 0.0
19.91000, 0.0
19.92000, 0.0
19.93000, 0.0
19.94000, 0.0
19.95000, 0.0
19.96000, 0.0
19.97000, 0.0
19.98000, 0.0
19.99000, 0.0
20.00000, 0.0
20.01000, 0.0
20.02000, 0.0
20.03000, 0.0
20.04000, 0.0
20.05000, 0.0
20.06000, 0.0
20.07000, 0.0
20.08000, 0.0
20.09000, 0.0
20.10000, 0.0
20.11000, 0.0
20.12000, 0.0
20.13000, 0.0
20.14000, 0.0
20.15000, 0.0
20.16000, 0.0
20.17000, 0.0
20.18000, 0.0
20.19000, 0.0
20.20000, 0.0
20.21000, 0.0
20.22000, 0.0
20.23000, 0.0
20.24000, 0.0
20.25000, 0.0
20.26000, 0.0
20.27000, 0.0
#ENDOFDATA   : 
